2023-01-01 25.6 27.8 26.5 24.9 23.7
2023-01-02 22.7 24.8 24.0 23.9 21.5
2023-01-03 22.5 20.8 23.2 20.7 22.0
2023-01-04 19.7 20.9 21.8 18.3 20.6
2023-01-05 18.4 16.9 20.2 18.8 19.6
2023-01-06 17.3 15.2 18.5 16.7 17.9
2023-01-07 14.0 16.2 17.0 15.6 15.3
2023-01-08 14.8 14.9 13.8 15.5 12.4
2023-01-09 11.7 13.1 14.0 12.9 13.4
2023-01-10 12.5 11.6 10.3 12.2 13.2
2023-01-11 9.6 11.9 12.6 10.8 11.5
2023-01-12 10.0 8.5 9.8 11.0 9.8
2023-01-13 7.7 8.4 10.2 8.9 9.3
2023-01-14 8.0 6.3 9.0 8.4 7.6
2023-01-15 7.2 7.5 6.9 5.6 8.1
2023-01-16 6.3 4.4 6.7 5.7 7.3
2023-01-17 5.6 5.9 4.9 3.6 6.5
2023-01-18 4.9 5.2 5.8 2.8 4.0
2023-01-19 1.1 3.6 3.2 4.3 2.5
2023-01-20 0.0 2.0 3.0 1.3 2.5
2023-01-21 2.7 2.3 2.1 3.4 2.9
2023-01-22 4.5 3.8 4.1 4.7 3.9
2023-01-23 6.2 6.5 5.9 6.0 5.7
2023-01-24 8.2 8.5 7.8 7.9 8.0
2023-01-25 9.6 9.8 9.2 9.4 9.1
2023-01-26 11.1 11.3 11.0 11.5 11.2
2023-01-27 13.0 13.3 12.8 12.5 13.1
2023-01-28 14.9 14.5 14.8 14.7 14.6
2023-01-29 16.6 16.4 16.2 16.7 16.3
2023-01-30 18.3 18.0 18.1 18.4 18.2
2023-01-31 19.9 19.8 19.7 19.6 19.5